[1, 1, 2, 2, 3, 1, 1, 3, 1, 2, 2, 1, 1, 1, 1, 3]
[1, 1, 7, 7, 7, 7, 7, 7, 1, 7, 7, 7, 7, 7, 1, 1, 1]
[1, 1, 1, 1, 1, 1, 1, 1, 1, 1, 1, 1, 1, 1, 1, 1]
[1, 8, 8, 8, 8, 1, 1, 1, 1, 8, 1, 1, 8, 8, 1, 8, 8, 1, 8, 8, 8, 8, 1]
[1, 2, 10, 10, 10, 1, 2, 10, 10, 10, 1, 10, 10, 10, 1, 10, 10, 10, 10, 1, 10, 10, 10, 10, 1, 1, 1, 1, 1]
[7, 7, 7, 7, 7, 7, 7, 1, 7, 1, 1, 1, 1, 1, 7, 1, 7, 7]
[9, 9, 9, 1, 9, 1, 1, 1, 9, 9, 1, 1, 9, 9, 1, 1, 9, 9, 9, 9, 1, 9, 9, 9, 9, 1, 1]
[1, 2, 14, 14, 14, 14, 1, 1, 1, 1, 14, 1, 14, 14, 14, 14, 14, 14, 14, 14, 1, 2, 1, 14, 14, 14, 14, 14, 1, 1, 14, 14, 14, 14, 14, 14, 14]
[17, 17, 1, 17, 17, 17, 17, 1, 17, 17, 17, 1, 1, 17, 17, 1, 17, 17, 17, 17, 17, 17, 1, 17, 17, 17, 17, 17, 17, 1, 17, 17, 17, 1, 1, 17, 17, 17, 17, 1]
[1, 14, 14, 14, 14, 14, 14, 14, 1, 14, 14, 14, 1, 14, 14, 14, 14, 14, 14, 1, 14, 14, 14, 14, 1, 14, 14, 1, 14, 14, 1, 1, 1]
